29
0	Warrior_Turn_0	Loft01_Thin	eye_fxl_swordpower_002	0	0	0	0.05	0.05	0.05	0	0	90	1	1	1	1	0	0	0	0.05	0.05	0.05	360	0	90	1	1	1	0	0	2	0
0	Warrior_Turn_1	Loft01_Thin	eye_fxl_swordpower_002	0	0	0	0.05	0.05	0.05	90	0	90	1	1	1	1	0	0	0	0.05	0.05	0.05	450	0	90	1	1	1	0	0	2	0
0	Warrior_Turn_2	Loft01_Thin	eye_fxl_swordpower_002	0	0	0	0.025	0.025	0.025	180	0	90	1	1	1	1	0	0	0	0.025	0.025	0.025	540	0	90	1	1	1	0	0	2	0
0	Warrior_Turn_3	Loft01_Thin	eye_fxl_swordpower_002	0	0	0	0.025	0.025	0.025	270	0	90	1	1	1	1	0	0	0	0.025	0.025	0.025	630	0	90	1	1	1	0	0	2	0
0	light0	eye_moo_o_spirit_b_02	eye_moo_t_sun014		9	10	0	0.1	0.1	0.25	-90	0	120	0.2	0.22	0.7	2	3	0	0	0.15	0.15	0.25	-90	360	120	0.8	0.2	0.7	1	0	0.5	0
0	light1	GeoSphere01_00	eye_fxl_shockwave_002	9	10	0	0.05	0.05	0.07	-90	0	-40	1	1	1	2	0	0	0	0.05	0.05	0.07	-90	360	-40	1	1	1	0.3	0	0.5	0
0	light2	Loft02_00	eye_moo_spk_a_gray_01		9	10	0	0.02	0.02	0.02	-90	0	130	0.4	0.1	0.9	2	4	4	0	0.02	0.02	0.06	-90	0	140	1	1	1	1	0	0.5	0
0	light3	Cylinder01	glow01	0	0.1	0	0.03	0.03	0.03	-90	0	0	0.7	0.2	0.7	2	0	0.1	0	0.15	0.15	0.15	-90	0	0	0.8	0.5	0.8	1	0.3	0.5	0
0	light4	Plane01_00	eye_moo_t_sun_002	0	0	0	0.05	0.05	0.05	0	0	0	0.6	0.1	0.6	1	0	0	0	0.1	0.1	0.1	0	50	0	1	1	1	1	0.3	0.7	0
1	Hit05	Com_Mesh_Geometry	blood_hit_05	0	0	-1	0.6	0.6	0.6	-90	0	0	1	1	1	1	0	0	-1	0.6	0.6	0.6	-90	0	0	1	1	1	1	0	1	1	128	128	4	4	30
0	orb_01	eye_moo_o_spirit_b_02	eye_moo_t_sun014		0	0.2	0	0.1	0.1	0.3	180	0	0	0.7	0.2	0.6	1	0	0.2	-6	0.1	0.1	0.3	180	0	300	0.7	0.2	0.6	1	0	1	0
0	orb_02	eye_moo_o_spirit_b_02	eye_moo_t_sun014		0	0.2	0	0.1	0.1	0.3	180	0	180	0.7	0.2	0.6	1	0	0.2	-6	0.1	0.1	0.3	180	0	480	0.7	0.2	0.6	1	0	1	0
0	orb_03	Com_Mesh_Geometry	orb_128x171(5x6)	0	0.2	-12	0.7	0.7	0.7	180	0	0	1	1	1	1	0	0.2	-12	0.3	0.3	0.3	180	0	0	1	1	1	1	1	1	1	1	1	5	6	100
0	orb_04	Cylinder01	glow01	0	0.2	-12	0.05	0.05	0.05	-90	0	0	0.7	0.2	0.6	1	0	0.2	-12	0.2	0.2	0.2	-90	0	0	0.7	0.6	0.6	1	1.6	0.3	0
1	heal00	Com_Mesh_Geometry	Heal_003		0	1.9	-1	0.5	0.5	0.5	-90	0	0	1	1	1	1	0	1.9	-1	0.5	0.5	0.5	-90	0	0	1	1	1	1	0	1	1	1	1	5	4	20
0	slash00	Loft01_00	eye_fxl_swordpower_003	0	1	-1	0.02	0.02	0.02	90	0	80	1	1	1	1	0	0	-10	0.02	0.02	0.02	90	0	80	1	1	1	1	0.1	0.4	0
0	slash01	Loft01_00	eye_fxl_swordpower_003	0	1	-1	0.02	0.02	0.02	90	0	100	1	1	1	1	0	0	-10	0.02	0.02	0.02	90	0	100	1	1	1	1	0.5	0.4	0
1	regen00	Com_Mesh_Geometry	earth_002		0	1.9	-1	0.8	0.8	0.8	-90	0	0	1	1	1	1	0	1.9	-1	0.8	0.8	0.8	-90	0	0	1	1	1	1	0	1	1	1	1	5	4	20
0	lightball00	Com_Mesh_Geometry	light_003_2		0	1	0	0.6	0.6	0.6	0	0	0	1	1	1	1	0	1	-10	0.6	0.6	0.6	-90	0	0	1	1	1	1	0	1	1	1	1	5	6	30
1	mage_thunder_004		Com_Mesh_Geometry	thunder_004	0	2.4	-1	0.6	0.6	0.6	-90	0	0	1	1	1	1	0	2.4	-1	0.6	0.6	0.6	-90	0	0	1	1	1	1	0	1	1	1	1	5	4	20
1	cast_00	Com_Mesh_Geometry	cast_001	0	3	0	1	1	1	-90	0	0	1	1	1	1	0	3	0	1	1	1	-90	0	0	1	1	1	1	0	1	1	1	1	5	4	10
0	trans_00	Plane01_00	eye_moo_t_sun_002	0	1	0	0.05	0.05	0.05	-90	0	0	1	1	1	1	0	1	0	0.05	0.05	0.05	-90	170	90	0.4	0.4	0.4	1	0	1	0
1	levelUP	Com_Mesh_Geometry	Light_002	0	2	-1	0.7	0.7	0.7	-90	0	0	1	1	1	1	0	2	-1	0.7	0.7	0.7	-90	0	0	1	1	1	1	0	1	1	1	1	5	7	30
0	ultimateatt2_00	Loft01_00	eye_fxl_swordpower_003	0	1	-3	0.01	0.01	0.01	0	0	90	1	1	1	1	-3	1	-10	0.02	0.02	0.02	-300	0	90	1	1	1	1	0.1	0.6	0
0	ultimateatt2_01	Loft01_00	eye_fxl_swordpower_003	0	1	-3	0.02	0.02	0.02	90	0	90	1	1	1	1	-3	1	-10	0.03	0.03	0.03	360	0	90	1	1	1	1	0.1	0.6	0
0	ultimateatt2_02	Cylinder01_Wide	eye_fxl_aura_002	0	1	-3	0.04	0.04	0.04	-90	0	0	1	1	1	1	-3	1	-10	0.05	0.05	0.05	-90	-330	0	1	1	1	1	0.1	0.6	0
0	ultimateatt2_03	Cylinder01_Wide	eye_fxl_aura_002	0	1	-3	0.04	0.04	0.04	-90	0	0	1	1	1	1	2	1	-10	0.05	0.05	0.05	-90	-330	0	1	1	1	1	0.5	0.6	0
0	ultimateatt2_04	Loft01_00	eye_fxl_swordpower_003		0	1	-3	0.02	0.02	0.02	90	0	90	1	1	1	1	2	1	-10	0.03	0.03	0.03	330	0	90	1	1	1	1	0.5	0.6	0
0	ultimateatt2_05	Loft01_00	eye_fxl_swordpower_003		0	1	-3	0.01	0.01	0.01	180	0	90	1	1	1	1	2	1	-10	0.02	0.02	0.02	-180	0	90	1	1	1	1	0.5	0.6	0