House2	1	House_2	-8	0	20	0.2	0.2	0.2	-90	180	0
House3	2	House_3	23	0	20	0.2	0.2	0.2	-90	180	0
House_3	58.3	0	18	0.2	0.2	0.2	-90	0	0
House4	1	House_4	-27	0	-3	0.2	0.2	0.2	-90	90	0
House1	2	House_1	-8.5	0	-27	0.2	0.2	0.2	-90	0	0
House_1	12.5	0	-27	0.2	0.2	0.2	-90	270	0
Barrel_A	7	barrel_A_d	32	0	-21	0.06	0.06	0.06	-90	0	0
barrel_A_d	30	0.4	-21.2	0.06	0.06	0.06	0	35	0
barrel_A_d	30	0	-23	0.06	0.06	0.06	-90	0	0
barrel_A_d	31.8	1.85	-21	0.06	0.06	0.06	-90	0	0
barrel_A_d	38	0	-26	0.06	0.06	0.06	-90	0	0
barrel_A_d	39	0.4	-25	0.06	0.06	0.06	0	150	0
barrel_A_d	37	0	-28	0.06	0.06	0.06	-90	0	0
water_well	1	water_well_D	35	0	-20	0.3	0.3	0.3	-90	180	0